[gd_scene load_steps=9 format=3 uid="uid://cq4xata7413le"]

[ext_resource type="ArrayMesh" uid="uid://bq1erhd88ptf4" path="res://models/old_man.tres" id="1_dftq8"]
[ext_resource type="Script" path="res://scripts/customer_controller.gd" id="1_vimg0"]
[ext_resource type="Script" path="res://scripts/grabbableObject.gd" id="2_7ogo7"]
[ext_resource type="Script" path="res://addons/jigglebones/jigglebone.gd" id="2_nl3gy"]

[sub_resource type="PhysicsMaterial" id="PhysicsMaterial_gnm1n"]
friction = 0.0
bounce = 1.0

[sub_resource type="CapsuleShape3D" id="CapsuleShape3D_6fkpk"]
radius = 0.10106
height = 0.355031

[sub_resource type="Skin" id="Skin_sbnu0"]
resource_name = "Skin"
bind_count = 34
bind/0/name = &"mixamorigNeck"
bind/0/bone = -1
bind/0/pose = Transform3D(1, 0, 0, 0, 1, 6.93889e-18, 0, -6.93889e-18, 1, -0.23042, -150.295, 1.11862)
bind/1/name = &"mixamorigHead"
bind/1/bone = -1
bind/1/pose = Transform3D(1, 0, 0, 0, 1, 6.93889e-18, 0, -6.93889e-18, 1, -0.23042, -160.102, -0.951452)
bind/2/name = &"mixamorigSpine2"
bind/2/bone = -1
bind/2/pose = Transform3D(1, 0, 0, 0, 0.998743, -0.0501142, 0, 0.0501142, 0.998743, -0.23042, -136.095, -6.41468)
bind/3/name = &"mixamorigSpine"
bind/3/bone = -1
bind/3/pose = Transform3D(1, 0, 0, 0, 0.998743, -0.0501142, 0, 0.0501142, 0.998743, -0.23042, -112.65, -6.41468)
bind/4/name = &"mixamorigSpine1"
bind/4/bone = -1
bind/4/pose = Transform3D(1, 0, 0, 0, 0.998743, -0.0501142, 0, 0.0501142, 0.998743, -0.23042, -123.591, -6.41468)
bind/5/name = &"mixamorigHips"
bind/5/bone = -1
bind/5/pose = Transform3D(1, 0, 0, 0, 1, 0, 0, 0, 1, -0.23042, -103.463, -1.23126)
bind/6/name = &"mixamorigLeftUpLeg"
bind/6/bone = -1
bind/6/pose = Transform3D(-0.996815, -0.0797442, -0.000736873, 0.0797476, -0.996773, -0.00921065, 1.81463e-11, -0.00924008, 0.999957, 16.8499, 97.2484, -0.649368)
bind/7/name = &"mixamorigLeftArm"
bind/7/bone = -1
bind/7/pose = Transform3D(-0.0448337, -0.0397321, -0.998204, 0.844996, -0.534512, -0.016677, -0.532889, -0.844226, 0.0575377, 5.41104, 63.18, 130.965)
bind/8/name = &"mixamorigLeftShoulder"
bind/8/bone = -1
bind/8/pose = Transform3D(-0.0152085, -0.050121, -0.998627, 0.943928, -0.330143, 0.00219437, -0.3298, -0.942599, 0.0523316, 6.41916, 43.6106, 141.799)
bind/9/name = &"mixamorigLeftLeg"
bind/9/bone = -1
bind/9/pose = Transform3D(-0.996098, -0.088249, -0.000815462, 0.0882378, -0.995716, -0.0276195, 0.00162543, -0.0275837, 0.999618, 17.2919, 51.7168, 0.303195)
bind/10/name = &"mixamorigLeftFoot"
bind/10/bone = -1
bind/10/pose = Transform3D(-0.996021, -0.0885445, 0.0100827, 0.0590988, -0.571598, 0.818402, -0.0667018, 0.815742, 0.574557, 17.2942, 3.87138, -5.6439)
bind/11/name = &"mixamorigLeftToeBase"
bind/11/bone = -1
bind/11/pose = Transform3D(-0.997079, 0.00593026, 0.0761433, 0.0761768, 0.00564143, 0.997078, 0.00548337, 0.999967, -0.0060767, 16.5297, -12.866, -0.223998)
bind/12/name = &"mixamorigLeftForeArm"
bind/12/bone = -1
bind/12/pose = Transform3D(-0.0299046, -0.0491651, -0.998343, 0.84976, -0.527169, 0.000507416, -0.52632, -0.848337, 0.0575433, 6.01601, 33.1883, 131.226)
bind/13/name = &"mixamorigLeftHand"
bind/13/bone = -1
bind/13/pose = Transform3D(0.239391, 0.275242, -0.931093, 0.848014, -0.52628, 0.0624561, -0.472825, -0.804532, -0.359395, -48.3669, 6.52195, 122.13)
bind/14/name = &"mixamorigLeftHandIndex1"
bind/14/bone = -1
bind/14/pose = Transform3D(0.223406, 0.285087, -0.932103, 0.816481, -0.577053, 0.0192002, -0.532399, -0.765334, -0.361685, -48.333, 6.44334, 121.826)
bind/15/name = &"mixamorigLeftHandThumb1"
bind/15/bone = -1
bind/15/pose = Transform3D(0.603298, 0.00170053, -0.797514, 0.642236, -0.593908, 0.484568, -0.472826, -0.804531, -0.359396, -40.1496, 23.3833, 122.13)
bind/16/name = &"mixamorigLeftHandIndex2"
bind/16/bone = -1
bind/16/pose = Transform3D(0.223406, 0.285087, -0.932103, 0.488409, -0.860303, -0.146065, -0.843532, -0.422616, -0.331436, -48.6508, 56.1623, 108.117)
bind/17/name = &"mixamorigLeftHandIndex3"
bind/17/bone = -1
bind/17/pose = Transform3D(0.223406, 0.285087, -0.932103, 0.781482, -0.623918, -0.00352237, -0.58256, -0.727634, -0.362177, -48.1613, 4.78357, 119.705)
bind/18/name = &"mixamorigLeftHandThumb2"
bind/18/bone = -1
bind/18/pose = Transform3D(0.603298, 0.00170053, -0.797514, 0.458722, -0.818759, 0.345265, -0.652385, -0.574135, -0.494736, -40.3354, 57.4136, 109.566)
bind/19/name = &"mixamorigLeftHandThumb3"
bind/19/bone = -1
bind/19/pose = Transform3D(0.603298, 0.00170053, -0.797514, 0.447779, -0.828219, 0.336967, -0.659943, -0.560402, -0.500424, -40.0379, 55.7159, 108.652)
bind/20/name = &"mixamorigRightShoulder"
bind/20/bone = -1
bind/20/pose = Transform3D(-0.0198507, 0.0501192, 0.998546, -0.943928, -0.330143, -0.00219437, 0.329553, -0.942599, 0.0538625, -6.41088, 44.0407, 141.648)
bind/21/name = &"mixamorigRightArm"
bind/21/bone = -1
bind/21/pose = Transform3D(-0.0429469, 0.0420241, 0.998193, -0.845033, -0.534535, -0.0138532, 0.532987, -0.844101, 0.0584684, -5.61495, 63.5741, 130.708)
bind/22/name = &"mixamorigRightUpLeg"
bind/22/bone = -1
bind/22/pose = Transform3D(-0.996815, 0.0797412, 0.000883506, -0.0797461, -0.996754, -0.0110437, 2.9489e-11, -0.011079, 0.999939, -16.3904, 97.2864, -0.488871)
bind/23/name = &"mixamorigRightLeg"
bind/23/bone = -1
bind/23/pose = Transform3D(-0.996098, 0.088247, 0.000977747, -0.0882436, -0.995781, -0.0251768, -0.00124816, -0.0251649, 0.999683, -16.8329, 51.7564, 0.243146)
bind/24/name = &"mixamorigRightFoot"
bind/24/bone = -1
bind/24/pose = Transform3D(-0.996023, 0.0885203, -0.0100958, -0.0590825, -0.57144, 0.818515, 0.066686, 0.815856, 0.574397, -16.8345, 3.8593, -5.70268)
bind/25/name = &"mixamorigRightToeBase"
bind/25/bone = -1
bind/25/pose = Transform3D(-0.997103, -0.00557376, -0.0758648, -0.0758961, 0.00563401, 0.9971, -0.00513018, 0.999969, -0.00604071, -16.07, -12.8776, -0.21571)
bind/26/name = &"mixamorigRightForeArm"
bind/26/bone = -1
bind/26/pose = Transform3D(-0.0246933, 0.0535545, 0.99826, -0.849738, -0.527155, 0.00726131, 0.526626, -0.84808, 0.0585245, -6.3628, 33.5895, 130.964)
bind/27/name = &"mixamorigRightHand"
bind/27/bone = -1
bind/27/pose = Transform3D(0.216463, -0.368894, 0.903914, -0.855026, -0.51854, -0.00686427, 0.471248, -0.771384, -0.427659, 57.3646, 5.47255, 117.974)
bind/28/name = &"mixamorigRightHandIndex1"
bind/28/bone = -1
bind/28/pose = Transform3D(0.273557, -0.333133, 0.902324, -0.774726, -0.632295, 0.00143289, 0.570058, -0.699446, -0.431056, 57.4489, 15.0658, 116.916)
bind/29/name = &"mixamorigRightHandThumb1"
bind/29/bone = -1
bind/29/pose = Transform3D(0.627911, -0.0470949, 0.776859, -0.619397, -0.634624, 0.462168, 0.471248, -0.771384, -0.427658, 46.4315, 29.5942, 117.974)
bind/30/name = &"mixamorigRightHandIndex2"
bind/30/bone = -1
bind/30/pose = Transform3D(0.273557, -0.333133, 0.902324, -0.506722, -0.847285, -0.159191, 0.817557, -0.41368, -0.400586, 57.6776, 52.8096, 104.787)
bind/31/name = &"mixamorigRightHandIndex3"
bind/31/bone = -1
bind/31/pose = Transform3D(0.273557, -0.333133, 0.902324, -0.814214, -0.579635, 0.0328466, 0.512076, -0.743671, -0.429805, 57.1256, -2.31352, 115.498)
bind/32/name = &"mixamorigRightHandThumb2"
bind/32/bone = -1
bind/32/pose = Transform3D(0.627911, -0.0470949, 0.776859, -0.507976, -0.781039, 0.363233, 0.58965, -0.622704, -0.514346, 46.5831, 49.7099, 110.048)
bind/33/name = &"mixamorigRightHandThumb3"
bind/33/bone = -1
bind/33/pose = Transform3D(0.627911, -0.0470949, 0.776859, -0.358157, -0.90368, 0.234704, 0.690978, -0.425611, -0.584298, 46.4703, 70.3225, 96.4197)

[sub_resource type="CapsuleShape3D" id="CapsuleShape3D_rdcc5"]
radius = 0.644621
height = 1.322

[node name="RigidBody3D" type="RigidBody3D" node_paths=PackedStringArray("rigidBodyToGrab")]
collision_layer = 3
collision_mask = 3
axis_lock_angular_y = true
physics_material_override = SubResource("PhysicsMaterial_gnm1n")
script = ExtResource("2_7ogo7")
rigidBodyToGrab = NodePath(".")

[node name="CollisionShape3D4" type="CollisionShape3D" parent="."]
transform = Transform3D(1, -1.81347e-05, 1.30385e-07, 1.81347e-05, 1, 5.4948e-07, -2.34693e-07, -5.32717e-07, 1, 0.00399223, 0.119682, 2.3365e-05)
shape = SubResource("CapsuleShape3D_6fkpk")

[node name="CollisionShape3D3" type="CollisionShape3D" parent="."]
transform = Transform3D(1, -1.81347e-05, 1.30385e-07, 1.81347e-05, 1, 5.4948e-07, -2.34701e-07, -5.32949e-07, 1, 0, 1.67059, 0)
shape = SubResource("CapsuleShape3D_6fkpk")

[node name="CollisionShape3D5" type="CollisionShape3D" parent="."]
transform = Transform3D(1, -2.46018e-05, -4.47042e-07, 2.45869e-05, 1, 4.47035e-08, -1.49019e-07, -1.12923e-08, 1, -0.349849, 1, 0)
shape = SubResource("CapsuleShape3D_6fkpk")

[node name="CollisionShape3D2" type="CollisionShape3D" parent="."]
transform = Transform3D(-0.685023, -0.103278, 0.721165, -0.0516205, 0.994294, 0.0933598, -0.726691, 0.0267266, -0.686444, 0.349813, 0.983757, 0)
shape = SubResource("CapsuleShape3D_6fkpk")

[node name="Skeleton3D" type="Skeleton3D" parent="."]
transform = Transform3D(0.01, 4.82775e-06, 8.70427e-07, -4.82658e-06, 0.00999999, -1.34449e-05, -8.76917e-07, 1.34445e-05, 0.00999999, 0, 0, 0)
bones/0/name = "mixamorigHips"
bones/0/parent = -1
bones/0/rest = Transform3D(0.995127, 0.0140971, -0.097586, 0.0351141, 0.874167, 0.484355, 0.0921345, -0.485421, 0.869412, 0.683282, 61.44, -22.9477)
bones/0/enabled = true
bones/0/position = Vector3(-3.9041e-05, 103.754, -0.42613)
bones/0/rotation = Quaternion(2.46218e-08, -1.18511e-07, 4.04008e-06, 1)
bones/0/scale = Vector3(1, 1, 1)
bones/1/name = "mixamorigSpine"
bones/1/parent = 0
bones/1/rest = Transform3D(0.997947, 0.0188929, 0.0611886, 0.006111, 0.923035, -0.384667, -0.0637467, 0.384252, 0.921025, 0, 9.36633, -0.469976)
bones/1/enabled = true
bones/1/position = Vector3(0, 9.36633, -0.469976)
bones/1/rotation = Quaternion(-0.025065, 2.19065e-07, -4.03495e-06, 0.999686)
bones/1/scale = Vector3(1, 1, 1)
bones/2/name = "mixamorigSpine1"
bones/2/parent = 1
bones/2/rest = Transform3D(0.999912, -0.00882483, 0.00990826, 0.0101322, 0.98999, -0.140774, -0.00856677, 0.140862, 0.989992, 0, 10.9411, 1.58384e-08)
bones/2/enabled = true
bones/2/position = Vector3(0, 10.9411, 1.58384e-08)
bones/2/rotation = Quaternion(0, 0, 0, 1)
bones/2/scale = Vector3(1, 1, 1)
bones/3/name = "mixamorigSpine2"
bones/3/parent = 2
bones/3/rest = Transform3D(0.999901, -0.00929039, 0.0105501, 0.0106827, 0.989997, -0.140684, -0.00913754, 0.140783, 0.989998, 0, 12.5041, 1.88042e-08)
bones/3/enabled = true
bones/3/position = Vector3(0, 12.5041, 1.88042e-08)
bones/3/rotation = Quaternion(0, 0, 0, 1)
bones/3/scale = Vector3(1, 1, 1)
bones/4/name = "mixamorigNeck"
bones/4/parent = 3
bones/4/rest = Transform3D(0.998525, 0.0427179, 0.0335165, -0.0320927, 0.962241, -0.270302, -0.0437976, 0.268827, 0.962192, 0, 14.0672, 1.42516e-07)
bones/4/enabled = true
bones/4/position = Vector3(0, 14.0672, 1.42516e-07)
bones/4/rotation = Quaternion(0.025065, 1.16415e-09, -1.62981e-09, 0.999686)
bones/4/scale = Vector3(1, 1, 1)
bones/5/name = "mixamorigHead"
bones/5/parent = 4
bones/5/rest = Transform3D(0.977025, 0.0155821, 0.212555, -0.113591, 0.881938, 0.457474, -0.180332, -0.471108, 0.863445, 0, 9.80676, 2.07007)
bones/5/enabled = true
bones/5/position = Vector3(0, 9.80676, 2.07007)
bones/5/rotation = Quaternion(0, 0, 0, 1)
bones/5/scale = Vector3(1, 1, 1)
bones/6/name = "mixamorigHeadTop_End"
bones/6/parent = 5
bones/6/rest = Transform3D(1, 0, 0, 0, 1, 0, 0, 0, 1, 0, 19.3525, 4.08505)
bones/6/enabled = true
bones/6/position = Vector3(0, 19.3525, 4.08505)
bones/6/rotation = Quaternion(0, 0, 0, 1)
bones/6/scale = Vector3(1, 1, 1)
bones/7/name = "mixamorigLeftShoulder"
bones/7/parent = 3
bones/7/rest = Transform3D(-0.102629, 0.950898, -0.291994, -0.0011085, -0.293653, -0.955911, -0.994719, -0.097781, 0.0311915, 5.46705, 12.1529, -0.0833089)
bones/7/enabled = true
bones/7/position = Vector3(5.46705, 12.1529, -0.0833089)
bones/7/rotation = Quaternion(-0.549875, -0.442604, 0.55575, -0.439182)
bones/7/scale = Vector3(1, 1, 1)
bones/8/name = "mixamorigLeftArm"
bones/8/parent = 7
bones/8/rest = Transform3D(0.815908, -0.102151, 0.569086, 0.523965, 0.54677, -0.653072, -0.244447, 0.831028, 0.499638, 1.13534e-09, 11.5985, -2.14811e-10)
bones/8/enabled = true
bones/8/position = Vector3(9.53501e-07, 11.5985, -5.01228e-08)
bones/8/rotation = Quaternion(0.167187, -0.00267483, -0.00991172, 0.985872)
bones/8/scale = Vector3(1, 1, 1)
bones/9/name = "mixamorigLeftForeArm"
bones/9/parent = 8
bones/9/rest = Transform3D(0.195093, -0.979689, 0.0463541, 0.979685, 0.192419, -0.0565023, 0.0464352, 0.0564356, 0.997326, 2.74385e-08, 28.8749, 6.9922e-07)
bones/9/enabled = true
bones/9/position = Vector3(2.74385e-08, 28.8749, 6.9922e-07)
bones/9/rotation = Quaternion(-3.47406e-08, -3.4174e-05, -3.09394e-07, 1)
bones/9/scale = Vector3(1, 1, 1)
bones/10/name = "mixamorigLeftHand"
bones/10/parent = 9
bones/10/rest = Transform3D(0.324678, 0.0334946, 0.945231, -0.469429, 0.873303, 0.130299, -0.821109, -0.486024, 0.299266, 3.68352e-08, 26.7714, 6.54395e-07)
bones/10/enabled = true
bones/10/position = Vector3(3.68352e-08, 26.7714, 6.54395e-07)
bones/10/rotation = Quaternion(-0.00958293, 0.211633, 0.00207551, 0.9773)
bones/10/scale = Vector3(1, 1, 1)
bones/11/name = "mixamorigLeftHandThumb1"
bones/11/parent = 10
bones/11/rest = Transform3D(0.751639, -0.632876, 0.18576, 0.656385, 0.690061, -0.304917, 0.0647891, 0.351118, 0.934087, -1.95878, 4.2755, -1.0177e-06)
bones/11/enabled = true
bones/11/position = Vector3(-1.95878, 4.2755, -1.0177e-06)
bones/11/rotation = Quaternion(0.135088, 0.0259942, 0.334927, 0.932148)
bones/11/scale = Vector3(1, 1, 1)
bones/12/name = "mixamorigLeftHandThumb2"
bones/12/parent = 11
bones/12/rest = Transform3D(0.940666, 0.336085, -0.0468332, -0.339129, 0.92632, -0.164081, -0.0117626, 0.170228, 0.985335, 0.185808, 3.75768, -9.1052e-08)
bones/12/enabled = true
bones/12/position = Vector3(0.185808, 3.75768, -9.1052e-08)
bones/12/rotation = Quaternion(4.99582e-05, -0.00285797, -0.0668432, 0.997759)
bones/12/scale = Vector3(1, 1, 1)
bones/13/name = "mixamorigLeftHandThumb3"
bones/13/parent = 12
bones/13/rest = Transform3D(0.999231, -0.0390317, -0.00386791, 0.0389388, 0.999005, -0.0217308, 0.00471226, 0.0215635, 0.999756, -0.297481, 3.51726, -1.22346e-07)
bones/13/enabled = true
bones/13/position = Vector3(-0.297481, 3.51726, -1.22346e-07)
bones/13/rotation = Quaternion(5.10807e-06, -0.000215061, 0.0585868, 0.998282)
bones/13/scale = Vector3(1, 1, 1)
bones/14/name = "mixamorigLeftHandThumb4"
bones/14/parent = 13
bones/14/rest = Transform3D(1, 5.55112e-17, -3.07788e-25, -5.55112e-17, 1, -5.54462e-09, 0, 5.54462e-09, 1, 0.111673, 3.39809, -4.60717e-08)
bones/14/enabled = true
bones/14/position = Vector3(0.111673, 3.39809, -4.60717e-08)
bones/14/rotation = Quaternion(2.77231e-09, -7.6947e-26, -2.77556e-17, 1)
bones/14/scale = Vector3(1, 1, 1)
bones/15/name = "mixamorigLeftHandIndex1"
bones/15/parent = 10
bones/15/rest = Transform3D(0.99807, -0.0620986, 0.00075382, 0.0621014, 0.997877, -0.0196082, 0.000465419, 0.0196171, 0.999807, 9.66539e-08, 7.87267, 0.154433)
bones/15/enabled = true
bones/15/position = Vector3(9.66539e-08, 7.87267, 0.154433)
bones/15/rotation = Quaternion(0.00981147, 7.22496e-05, 0.0310665, 0.999469)
bones/15/scale = Vector3(1, 1, 1)
bones/16/name = "mixamorigLeftHandIndex2"
bones/16/parent = 15
bones/16/rest = Transform3D(0.990178, 0.138875, -0.0161686, -0.139813, 0.983526, -0.114579, -9.87668e-06, 0.115714, 0.993283, 0.317807, 5.10782, -2.51251e-08)
bones/16/enabled = true
bones/16/position = Vector3(0.317807, 5.10782, -2.51251e-08)
bones/16/rotation = Quaternion(0.000119849, -0.00535872, -0.0844382, 0.996414)
bones/16/scale = Vector3(1, 1, 1)
bones/17/name = "mixamorigLeftHandIndex3"
bones/17/parent = 16
bones/17/rest = Transform3D(0.986997, -0.159435, 0.0204054, 0.160343, 0.985487, -0.0557215, -0.0112253, 0.0582688, 0.998238, -0.489451, 4.55979, 9.91147e-08)
bones/17/enabled = true
bones/17/position = Vector3(-0.489451, 4.55979, 9.91147e-08)
bones/17/rotation = Quaternion(-0.000236049, 0.00696409, 0.0730515, 0.997304)
bones/17/scale = Vector3(1, 1, 1)
bones/18/name = "mixamorigLeftHandIndex4"
bones/18/parent = 17
bones/18/rest = Transform3D(1, 2.42861e-17, -7.32138e-25, -2.42861e-17, 1, -3.01464e-08, 0, 3.01464e-08, 1, 0.171644, 4.36473, -3.83948e-08)
bones/18/enabled = true
bones/18/position = Vector3(0.171644, 4.36473, -3.83948e-08)
bones/18/rotation = Quaternion(1.50732e-08, -1.83035e-25, -1.21431e-17, 1)
bones/18/scale = Vector3(1, 1, 1)
bones/19/name = "mixamorigRightShoulder"
bones/19/parent = 3
bones/19/rest = Transform3D(0.00835758, -0.94371, 0.330668, -0.0235422, -0.330774, -0.943416, 0.999688, 0.000100106, -0.0249815, -5.46705, 12.1542, -0.108728)
bones/19/enabled = true
bones/19/position = Vector3(-5.46705, 12.1542, -0.108728)
bones/19/rotation = Quaternion(0.54843, -0.443532, 0.557084, 0.438362)
bones/19/scale = Vector3(1, 1, 1)
bones/20/name = "mixamorigRightArm"
bones/20/parent = 19
bones/20/rest = Transform3D(0.954962, -0.0206971, -0.296007, -0.234287, 0.559579, -0.794972, 0.182093, 0.828518, 0.529528, 6.18909e-11, 11.5985, 1.12975e-08)
bones/20/enabled = true
bones/20/position = Vector3(-7.14154e-07, 11.5985, -2.72278e-08)
bones/20/rotation = Quaternion(0.17212, 0.00205345, 0.00821903, 0.985039)
bones/20/scale = Vector3(1, 1, 1)
bones/21/name = "mixamorigRightForeArm"
bones/21/parent = 20
bones/21/rest = Transform3D(0.165652, 0.984975, -0.0488325, -0.98497, 0.162788, -0.0577442, -0.0489272, 0.0576639, 0.997136, -5.95243e-08, 28.8736, 8.83139e-07)
bones/21/enabled = true
bones/21/position = Vector3(-5.95243e-08, 28.8736, 8.83139e-07)
bones/21/rotation = Quaternion(4.2612e-08, 4.05312e-05, 1.58184e-07, 1)
bones/21/scale = Vector3(1, 1, 1)
bones/22/name = "mixamorigRightHand"
bones/22/parent = 21
bones/22/rest = Transform3D(0.459687, 0.0621477, -0.885904, 0.323229, 0.917421, 0.232079, 0.82717, -0.393034, 0.401639, -3.25612e-08, 26.7721, 6.27864e-07)
bones/22/enabled = true
bones/22/position = Vector3(8.7938e-09, 26.7721, -1.2231e-05)
bones/22/rotation = Quaternion(0.0791986, -0.246573, -0.0178185, 0.965718)
bones/22/scale = Vector3(1, 1, 1)
bones/23/name = "mixamorigRightHandThumb1"
bones/23/parent = 22
bones/23/rest = Transform3D(0.787048, 0.554263, -0.270827, -0.613059, 0.751614, -0.243383, 0.068659, 0.357587, 0.931352, 2.31841, 4.19634, 1.07474e-06)
bones/23/enabled = true
bones/23/position = Vector3(2.31841, 4.19635, 6.4142e-06)
bones/23/rotation = Quaternion(-0.0136948, -0.0638574, -0.272682, 0.959885)
bones/23/scale = Vector3(1, 1, 1)
bones/24/name = "mixamorigRightHandThumb2"
bones/24/parent = 23
bones/24/rest = Transform3D(0.842951, -0.507654, 0.178105, 0.530589, 0.839201, -0.119238, -0.0889345, 0.195012, 0.97676, -0.151534, 3.83236, 6.6657e-08)
bones/24/enabled = true
bones/24/position = Vector3(-0.151534, 3.83236, 6.6657e-08)
bones/24/rotation = Quaternion(1.80677e-06, -0.000403227, 0.0356665, 0.999364)
bones/24/scale = Vector3(1, 1, 1)
bones/25/name = "mixamorigRightHandThumb3"
bones/25/parent = 24
bones/25/rest = Transform3D(0.984188, -0.160515, 0.0748943, 0.160776, 0.986988, 0.00258116, -0.0743341, 0.00950083, 0.997188, 0.112792, 3.5418, -8.95156e-09)
bones/25/enabled = true
bones/25/position = Vector3(0.112792, 3.5418, -8.95156e-09)
bones/25/rotation = Quaternion(5.81667e-05, 0.00260912, -0.00952835, 0.999951)
bones/25/scale = Vector3(1, 1, 1)
bones/26/name = "mixamorigRightHandThumb4"
bones/26/parent = 25
bones/26/rest = Transform3D(1, -8.32667e-17, 1.11022e-16, 8.32667e-17, 1, 6.08903e-09, -1.11022e-16, -6.08903e-09, 1, 0.038743, 3.0279, 1.59598e-07)
bones/26/enabled = true
bones/26/position = Vector3(0.038743, 3.0279, 1.59598e-07)
bones/26/rotation = Quaternion(-3.04452e-09, 5.55112e-17, 4.16334e-17, 1)
bones/26/scale = Vector3(1, 1, 1)
bones/27/name = "mixamorigRightHandIndex1"
bones/27/parent = 22
bones/27/rest = Transform3D(0.998962, 0.0450084, -0.00700075, -0.0450821, 0.998925, -0.0107631, 0.0065088, 0.0110675, 0.999918, 1.67105e-07, 8.65868, 0.0931805)
bones/27/enabled = true
bones/27/position = Vector3(1.67105e-07, 8.65868, 0.0931805)
bones/27/rotation = Quaternion(0.00545926, -0.00337836, -0.022529, 0.999726)
bones/27/scale = Vector3(1, 1, 1)
bones/28/name = "mixamorigRightHandIndex2"
bones/28/parent = 27
bones/28/rest = Transform3D(0.994796, -0.100228, 0.0182876, 0.101789, 0.970061, -0.220502, 0.00436038, 0.221216, 0.975215, -0.228664, 5.07602, -2.59195e-07)
bones/28/enabled = true
bones/28/position = Vector3(-0.228664, 5.07602, -2.59195e-07)
bones/28/rotation = Quaternion(0.000360709, 0.00835184, 0.088037, 0.996082)
bones/28/scale = Vector3(1, 1, 1)
bones/29/name = "mixamorigRightHandIndex3"
bones/29/parent = 28
bones/29/rest = Transform3D(0.969945, 0.241613, -0.0288039, -0.243318, 0.963913, -0.10802, 0.0016654, 0.111782, 0.993731, 0.551942, 4.17965, 1.95006e-07)
bones/29/enabled = true
bones/29/position = Vector3(0.551942, 4.17965, 1.95006e-07)
bones/29/rotation = Quaternion(-0.000166443, -0.00621104, -0.104367, 0.99452)
bones/29/scale = Vector3(1, 1, 1)
bones/30/name = "mixamorigRightHandIndex4"
bones/30/parent = 29
bones/30/rest = Transform3D(1, 1.73472e-17, -5.55112e-17, -1.73472e-17, 1, 1.54e-08, 5.55112e-17, -1.54e-08, 1, -0.323277, 4.14521, 2.06079e-07)
bones/30/enabled = true
bones/30/position = Vector3(-0.323277, 4.14521, 2.06079e-07)
bones/30/rotation = Quaternion(-7.69999e-09, -2.77556e-17, -8.67362e-18, 1)
bones/30/scale = Vector3(1, 1, 1)
bones/31/name = "mixamorigLeftUpLeg"
bones/31/parent = 0
bones/31/rest = Transform3D(-0.97544, 0.194254, 0.103839, -0.0311747, -0.588431, 0.807946, 0.218049, 0.784865, 0.580035, 8.81046, -5.19099, 0.32622)
bones/31/enabled = true
bones/31/position = Vector3(8.81046, -5.19099, 0.32622)
bones/31/rotation = Quaternion(-0.000369012, -0.00889982, 0.999958, 0.00213257)
bones/31/scale = Vector3(1, 1, 1)
bones/32/name = "mixamorigLeftLeg"
bones/32/parent = 31
bones/32/rest = Transform3D(0.994623, -0.0788975, -0.0670869, 0.0555486, -0.140294, 0.98855, -0.087406, -0.986961, -0.135157, -3.01144e-08, 45.3891, 5.07316e-09)
bones/32/enabled = true
bones/32/position = Vector3(-3.01144e-08, 45.3891, 5.07316e-09)
bones/32/rotation = Quaternion(-0.0123161, -7.10487e-05, 0.00426544, 0.999915)
bones/32/scale = Vector3(1, 1, 1)
bones/33/name = "mixamorigLeftFoot"
bones/33/parent = 32
bones/33/rest = Transform3D(0.999074, -0.0375042, 0.0210994, 0.0325734, 0.338706, -0.940328, 0.0281197, 0.940145, 0.339614, -3.21997e-07, 44.8737, -1.94399e-08)
bones/33/enabled = true
bones/33/position = Vector3(-3.21997e-07, 44.8737, -1.94399e-08)
bones/33/rotation = Quaternion(0.479657, 0.013775, 0.0402432, 0.876425)
bones/33/scale = Vector3(1, 1, 1)
bones/34/name = "mixamorigLeftToeBase"
bones/34/parent = 33
bones/34/rest = Transform3D(0.993355, -0.0663199, -0.0940643, -2.23517e-08, 0.817289, -0.576229, 0.115093, 0.572399, 0.811858, 3.01352e-08, 14.2576, -9.21825e-08)
bones/34/enabled = true
bones/34/position = Vector3(3.01352e-08, 14.2576, -9.21825e-08)
bones/34/rotation = Quaternion(0.301748, -0.0549464, 0.0174225, 0.951644)
bones/34/scale = Vector3(1, 1, 1)
bones/35/name = "mixamorigLeftToe_End"
bones/35/parent = 34
bones/35/rest = Transform3D(1, -1.38778e-17, 9.21572e-19, 1.38778e-17, 1, 5.61005e-11, -9.21572e-19, -5.61005e-11, 1, 5.82477e-09, 6.06543, -9.04991e-10)
bones/35/enabled = true
bones/35/position = Vector3(5.82477e-09, 6.06543, -9.04991e-10)
bones/35/rotation = Quaternion(-2.80503e-11, 4.60786e-19, 6.93889e-18, 1)
bones/35/scale = Vector3(1, 1, 1)
bones/36/name = "mixamorigRightUpLeg"
bones/36/parent = 0
bones/36/rest = Transform3D(-0.98046, -0.172726, -0.0941506, 0.0213477, -0.569197, 0.821924, -0.195558, 0.803854, 0.561762, -8.81046, -5.19099, 0.346468)
bones/36/enabled = true
bones/36/position = Vector3(-8.81046, -5.19099, 0.346468)
bones/36/rotation = Quaternion(0.000443339, -0.0103347, 0.999944, -0.00212566)
bones/36/scale = Vector3(1, 1, 1)
bones/37/name = "mixamorigRightLeg"
bones/37/parent = 36
bones/37/rest = Transform3D(0.987204, 0.0182868, -0.158411, 0.159403, -0.140372, 0.977183, -0.00436696, -0.98993, -0.141491, 1.06453e-07, 45.3899, 5.63634e-11)
bones/37/enabled = true
bones/37/position = Vector3(1.06453e-07, 45.3899, 5.63634e-11)
bones/37/rotation = Quaternion(-0.00965568, 6.18845e-05, -0.00426599, 0.999944)
bones/37/scale = Vector3(1, 1, 1)
bones/38/name = "mixamorigRightFoot"
bones/38/parent = 37
bones/38/rest = Transform3D(0.975694, 0.116051, -0.185884, -0.215396, 0.351847, -0.910938, -0.0403122, 0.928836, 0.368292, -7.89634e-08, 44.8708, -5.10857e-08)
bones/38/enabled = true
bones/38/position = Vector3(-7.89634e-08, 44.8708, -5.10857e-08)
bones/38/rotation = Quaternion(0.478664, -0.0137453, -0.0402549, 0.876967)
bones/38/scale = Vector3(1, 1, 1)
bones/39/name = "mixamorigRightToeBase"
bones/39/parent = 38
bones/39/rest = Transform3D(0.993409, 0.0660388, 0.0936894, 6.7614e-06, 0.817324, -0.576178, -0.114625, 0.572381, 0.811937, -1.50358e-08, 14.2612, -1.22302e-07)
bones/39/enabled = true
bones/39/position = Vector3(-1.50358e-08, 14.2612, -1.22302e-07)
bones/39/rotation = Quaternion(0.301656, 0.0547199, -0.0173446, 0.951687)
bones/39/scale = Vector3(1, 1, 1)
bones/40/name = "mixamorigRightToe_End"
bones/40/parent = 39
bones/40/rest = Transform3D(1, -1.38778e-17, 1.72226e-16, 1.38778e-17, 1, -2.39885e-10, -1.72226e-16, 2.39885e-10, 1, -2.56864e-08, 6.08778, 6.58917e-10)
bones/40/enabled = true
bones/40/position = Vector3(-2.56864e-08, 6.08778, 6.58917e-10)
bones/40/rotation = Quaternion(1.19942e-10, 8.61128e-17, 6.93889e-18, 1)
bones/40/scale = Vector3(1, 1, 1)

[node name="HumanoidBase_NotOverlapping" type="MeshInstance3D" parent="Skeleton3D"]
transform = Transform3D(1, -0.000482658, -8.76985e-05, 0.000482776, 0.999999, 0.00134445, 8.70427e-05, -0.00134449, 1, 0, 0, 0)
mesh = ExtResource("1_dftq8")
skin = SubResource("Skin_sbnu0")

[node name="JiggleHead" type="Node3D" parent="Skeleton3D"]
transform = Transform3D(0.00993427, 8.35991e-05, 0.00114164, -0.000226797, 0.00991933, 0.00124717, -0.001122, -0.00126486, 0.00985602, -0.218702, 1.24805, -0.903198)
top_level = true
script = ExtResource("2_nl3gy")
bone_name = "mixamorigHead"
stiffness = 0.1

[node name="JiggleCenter" type="Node3D" parent="Skeleton3D"]
transform = Transform3D(99.9501, 0.350843, 3.1388, 0.193109, 98.5163, -17.161, -3.15244, 17.1585, 98.4664, 0, 0, 0)
script = ExtResource("2_nl3gy")
enabled = false
bone_name = "mixamorigSpine"

[node name="JiggleNeck" type="Node3D" parent="Skeleton3D"]
transform = Transform3D(0.00999758, 0.000219856, -1.16217e-05, -0.000219772, 0.00993445, -0.00112177, -1.31174e-05, 0.00112176, 0.00993687, 0.0439306, 2.48008, 0.195837)
top_level = true
script = ExtResource("2_nl3gy")
bone_name = "mixamorigNeck"
stiffness = 0.1
forward_axis = 1

[node name="JiggleboneLeftArm" type="Node3D" parent="Skeleton3D"]
transform = Transform3D(-0.000492227, 0.00483491, -0.00873964, -0.000271308, -0.00875349, -0.00482729, -0.00998419, -4.98398e-07, 0.000562046, 0.168447, 0.46083, -0.0254289)
top_level = true
script = ExtResource("2_nl3gy")
bone_name = "mixamorigLeftArm"
use_gravity = true
forward_axis = 1

[node name="JiggleboneRightArm" type="Node3D" parent="Skeleton3D"]
transform = Transform3D(-0.000500515, -0.00479611, 0.00876053, 0.000274137, -0.00877481, -0.00478827, 0.0099837, 4.98258e-07, 0.000570673, -0.167043, 0.460992, -0.0261629)
top_level = true
script = ExtResource("2_nl3gy")
bone_name = "mixamorigRightArm"
use_gravity = true
forward_axis = 1

[node name="JiggleboneLeftForeArm2" type="Node3D" parent="Skeleton3D"]
transform = Transform3D(-0.000545068, 0.0024965, -0.00966801, -0.000140257, -0.00968336, -0.00249256, -0.00998415, -2.60352e-07, 0.000562824, 0.308054, 0.208074, -0.0254432)
top_level = true
script = ExtResource("2_nl3gy")
bone_name = "mixamorigLeftForeArm"
use_gravity = true
forward_axis = 1

[node name="JiggleboneRightForeArm2" type="Node3D" parent="Skeleton3D"]
transform = Transform3D(-0.000553546, -0.00247506, 0.00967304, 0.000141669, -0.00968886, -0.002471, 0.00998366, 2.55812e-07, 0.000571386, -0.305524, 0.207631, -0.0261485)
top_level = true
script = ExtResource("2_nl3gy")
bone_name = "mixamorigRightForeArm"
use_gravity = true
forward_axis = 1

[node name="OldManContainer" type="Node3D" parent="." node_paths=PackedStringArray("jointContainer")]
script = ExtResource("1_vimg0")
jointContainer = NodePath("JointContainer")

[node name="JointContainer" type="Node3D" parent="OldManContainer"]

[node name="JoltPinJoint3D" type="JoltPinJoint3D" parent="OldManContainer/JointContainer"]
node_b = NodePath("../../..")
enabled = false

[node name="JoltPinJoint3D2" type="JoltPinJoint3D" parent="OldManContainer/JointContainer"]
node_b = NodePath("../../..")
enabled = false
transform = Transform3D(1, 0, 0, 0, 1, 0, 0, 0, 1, 0.0349284, 1.13599, -0.00136942)

[node name="Area3D" type="Area3D" parent="."]
transform = Transform3D(1, 0, 0, 0, 1, 0, 0, 0, 1, 0, 1.04367, 0)
collision_layer = 2
collision_mask = 0

[node name="CollisionShape3D" type="CollisionShape3D" parent="Area3D"]
shape = SubResource("CapsuleShape3D_rdcc5")
